00000000111111110000000011111111
00001000111111110001110011111111
00000000111111110000000011111111
00010000111111110000000011111111
00000000111111110000000011111111
00000000111111110000100011111111
00011100111111110000000011111111
00000000111111110010010011111111
00000000111111110000010011111111
10000000111111110010000011111111
00100000111111110000100011111111
00000000111111110000000011111111
00111100111111110001000011111111
00000000111111110000000011111111
00000000111111110001110011111111
00000000111111110000100011111111